Seed: 5
================================================================================

[[[274   0]
  [ 17   0]]

 [[272   7]
  [ 36   2]]

 [[262  15]
  [ 15  12]]

 [[178  32]
  [ 22  96]]

 [[274   0]
  [ 13   0]]

 [[267   3]
  [ 56   7]]

 [[117  46]
  [ 17 157]]

 [[274  73]
  [  0   0]]]

       class#     precision        recall      f1-score        weight

            0          nan          0.00          0.00          17
            1          0.22          0.05          0.09          38
            2          0.44          0.44          0.44          27
            3          0.75          0.81          0.78          118
            4          nan          0.00          0.00          13
            5          0.70          0.11          0.19          63
            6          0.77          0.90          0.83          174
          NoC          There is not any data with no true-label assigned!

    micro avg          0.61          0.61          0.61          450
    macro avg          nan          0.33          0.33          450
 weighted avg          nan          0.61          0.59          450
Seed: 25
================================================================================

[[[266   0]
  [ 16   0]]

 [[261   8]
  [ 32   5]]

 [[263   8]
  [ 23   3]]

 [[171  23]
  [ 23  95]]

 [[266   0]
  [ 13   0]]

 [[260   0]
  [ 52   6]]

 [[109  43]
  [ 17 157]]

 [[266  94]
  [  0   0]]]

       class#     precision        recall      f1-score        weight

            0          nan          0.00          0.00          16
            1          0.38          0.14          0.20          37
            2          0.27          0.12          0.16          26
            3          0.81          0.81          0.81          118
            4          nan          0.00          0.00          13
            5          1.00          0.10          0.19          58
            6          0.79          0.90          0.84          174
          NoC          There is not any data with no true-label assigned!

    micro avg          0.60          0.60          0.60          442
    macro avg          nan          0.29          0.31          442
 weighted avg          nan          0.60          0.60          442
Seed: 35
================================================================================

[[[285   0]
  [ 16   0]]

 [[282   9]
  [ 35   3]]

 [[274   4]
  [ 17  11]]

 [[189  24]
  [ 21  96]]

 [[284   0]
  [ 12   1]]

 [[268   5]
  [ 46  17]]

 [[128  46]
  [ 16 157]]

 [[285  75]
  [  0   0]]]

       class#     precision        recall      f1-score        weight

            0          nan          0.00          0.00          16
            1          0.25          0.08          0.12          38
            2          0.73          0.39          0.51          28
            3          0.80          0.82          0.81          117
            4          1.00          0.08          0.14          13
            5          0.77          0.27          0.40          63
            6          0.77          0.91          0.84          173
          NoC          There is not any data with no true-label assigned!

    micro avg          0.64          0.64          0.64          448
    macro avg          nan          0.36          0.40          448
 weighted avg          nan          0.64          0.64          448
Seed: 45
================================================================================

[[[286   0]
  [ 15   2]]

 [[284  10]
  [ 34   4]]

 [[277   5]
  [ 16  11]]

 [[193  19]
  [ 24  95]]

 [[288   0]
  [ 13   0]]

 [[270   6]
  [ 42  18]]

 [[130  43]
  [ 17 158]]

 [[288  78]
  [  0   0]]]

       class#     precision        recall      f1-score        weight

            0          1.00          0.12          0.21          17
            1          0.29          0.11          0.15          38
            2          0.69          0.41          0.51          27
            3          0.83          0.80          0.82          119
            4          nan          0.00          0.00          13
            5          0.75          0.30          0.43          60
            6          0.79          0.90          0.84          175
          NoC          There is not any data with no true-label assigned!

    micro avg          0.64          0.64          0.64          449
    macro avg          nan          0.38          0.42          449
 weighted avg          nan          0.64          0.65          449
Seed: 55
================================================================================

[[[275   0]
  [ 17   0]]

 [[272  11]
  [ 35   3]]

 [[268   9]
  [ 20   7]]

 [[183  31]
  [ 26  92]]

 [[275   0]
  [ 14   0]]

 [[263   5]
  [ 53  12]]

 [[114  47]
  [ 16 161]]

 [[275  78]
  [  0   0]]]

       class#     precision        recall      f1-score        weight

            0          nan          0.00          0.00          17
            1          0.21          0.08          0.12          38
            2          0.44          0.26          0.33          27
            3          0.75          0.78          0.76          118
            4          nan          0.00          0.00          14
            5          0.71          0.18          0.29          65
            6          0.77          0.91          0.84          177
          NoC          There is not any data with no true-label assigned!

    micro avg          0.60          0.60          0.60          456
    macro avg          nan          0.32          0.33          456
 weighted avg          nan          0.60          0.59          456
