Seed: 5
================================================================================

[[[289   0]
  [ 14   2]]

 [[288   2]
  [ 39   3]]

 [[274   6]
  [ 15  17]]

 [[196  14]
  [ 29  95]]

 [[288   1]
  [ 10   3]]

 [[236  87]
  [  4  55]]

 [[175  16]
  [ 76 116]]

 [[291  61]
  [  0   0]]]

       class#     precision        recall      f1-score        weight

            0          1.00          0.12          0.22          16
            1          0.60          0.07          0.13          42
            2          0.74          0.53          0.62          32
            3          0.87          0.77          0.82          124
            4          0.75          0.23          0.35          13
            5          0.39          0.93          0.55          59
            6          0.88          0.60          0.72          192
          NoC          There is not any data with no true-label assigned!

    micro avg          0.61          0.61          0.61          478
    macro avg          0.75          0.47          0.49          478
 weighted avg          0.78          0.61          0.64          478
Seed: 25
================================================================================

[[[299   3]
  [  8   8]]

 [[304   9]
  [ 40   3]]

 [[295   5]
  [ 22  12]]

 [[213  15]
  [ 31  94]]

 [[301   1]
  [  9   6]]

 [[252  86]
  [  8  55]]

 [[178  20]
  [ 73 129]]

 [[307  52]
  [  0   0]]]

       class#     precision        recall      f1-score        weight

            0          0.73          0.50          0.59          16
            1          0.25          0.07          0.11          43
            2          0.71          0.35          0.47          34
            3          0.86          0.75          0.80          125
            4          0.86          0.40          0.55          15
            5          0.39          0.87          0.54          63
            6          0.87          0.64          0.74          202
          NoC          There is not any data with no true-label assigned!

    micro avg          0.62          0.62          0.62          498
    macro avg          0.67          0.51          0.54          498
 weighted avg          0.74          0.62          0.65          498
Seed: 35
================================================================================

[[[289   2]
  [ 11   5]]

 [[290   6]
  [ 38   4]]

 [[280   9]
  [ 15  14]]

 [[198  25]
  [ 22  96]]

 [[289   3]
  [  9   5]]

 [[239  64]
  [ 13  55]]

 [[179  19]
  [ 79 115]]

 [[294  59]
  [  0   0]]]

       class#     precision        recall      f1-score        weight

            0          0.71          0.31          0.43          16
            1          0.40          0.10          0.15          42
            2          0.61          0.48          0.54          29
            3          0.79          0.81          0.80          118
            4          0.62          0.36          0.45          14
            5          0.46          0.81          0.59          68
            6          0.86          0.59          0.70          194
          NoC          There is not any data with no true-label assigned!

    micro avg          0.61          0.61          0.61          481
    macro avg          0.64          0.49          0.52          481
 weighted avg          0.72          0.61          0.64          481
Seed: 45
================================================================================

[[[295   2]
  [ 10   6]]

 [[296   3]
  [ 37   5]]

 [[288   7]
  [ 16  13]]

 [[207  20]
  [ 28  94]]

 [[293   3]
  [  5   8]]

 [[246  74]
  [  6  55]]

 [[181  14]
  [ 75 120]]

 [[301  54]
  [  0   0]]]

       class#     precision        recall      f1-score        weight

            0          0.75          0.38          0.50          16
            1          0.62          0.12          0.20          42
            2          0.65          0.45          0.53          29
            3          0.82          0.77          0.80          122
            4          0.73          0.62          0.67          13
            5          0.43          0.90          0.58          61
            6          0.90          0.62          0.73          195
          NoC          There is not any data with no true-label assigned!

    micro avg          0.63          0.63          0.63          478
    macro avg          0.70          0.55          0.57          478
 weighted avg          0.77          0.63          0.66          478
Seed: 55
================================================================================

[[[273   4]
  [ 12   5]]

 [[277   1]
  [ 40   1]]

 [[269   6]
  [ 23   9]]

 [[183  25]
  [ 26  95]]

 [[273   2]
  [  9   5]]

 [[223 101]
  [ 10  55]]

 [[170  18]
  [ 89 108]]

 [[278  52]
  [  0   0]]]

       class#     precision        recall      f1-score        weight

            0          0.56          0.29          0.38          17
            1          0.50          0.02          0.05          41
            2          0.60          0.28          0.38          32
            3          0.79          0.79          0.79          121
            4          0.71          0.36          0.48          14
            5          0.35          0.85          0.50          65
            6          0.86          0.55          0.67          197
          NoC          There is not any data with no true-label assigned!

    micro avg          0.57          0.57          0.57          487
    macro avg          0.62          0.45          0.46          487
 weighted avg          0.71          0.57          0.59          487
