Seed: 5
================================================================================

[[[278   1]
  [ 16   2]]

 [[277   3]
  [ 37   3]]

 [[272  10]
  [ 25   8]]

 [[186  31]
  [ 27  94]]

 [[278   6]
  [ 11   2]]

 [[236  68]
  [ 20  44]]

 [[153  25]
  [ 65 127]]

 [[280  57]
  [  0   0]]]

       class#     precision        recall      f1-score        weight

            0          0.67          0.11          0.19          18
            1          0.50          0.07          0.13          40
            2          0.44          0.24          0.31          33
            3          0.75          0.78          0.76          121
            4          0.25          0.15          0.19          13
            5          0.39          0.69          0.50          64
            6          0.84          0.66          0.74          192
          NoC          There is not any data with no true-label assigned!

    micro avg          0.58          0.58          0.58          481
    macro avg          0.55          0.39          0.40          481
 weighted avg          0.68          0.58          0.60          481
Seed: 25
================================================================================

[[[270   1]
  [ 17   0]]

 [[268  10]
  [ 35   2]]

 [[259  15]
  [ 18  11]]

 [[177  19]
  [ 29  93]]

 [[267   4]
  [  9   3]]

 [[227  68]
  [ 20  43]]

 [[152  19]
  [ 73 118]]

 [[270  65]
  [  0   0]]]

       class#     precision        recall      f1-score        weight

            0          0.00          0.00          0.00          17
            1          0.17          0.05          0.08          37
            2          0.42          0.38          0.40          29
            3          0.83          0.76          0.79          122
            4          0.43          0.25          0.32          12
            5          0.39          0.68          0.49          63
            6          0.86          0.62          0.72          191
          NoC          There is not any data with no true-label assigned!

    micro avg          0.57          0.57          0.57          471
    macro avg          0.44          0.39          0.40          471
 weighted avg          0.67          0.57          0.60          471
Seed: 35
================================================================================

[[[303   0]
  [ 17   0]]

 [[302   1]
  [ 39   1]]

 [[297   5]
  [ 26   6]]

 [[200  59]
  [ 22 103]]

 [[302   0]
  [ 13   1]]

 [[261  58]
  [ 30  42]]

 [[153  36]
  [ 58 150]]

 [[303  46]
  [  0   0]]]

       class#     precision        recall      f1-score        weight

            0          nan          0.00          0.00          17
            1          0.50          0.03          0.05          40
            2          0.55          0.19          0.28          32
            3          0.64          0.82          0.72          125
            4          1.00          0.07          0.13          14
            5          0.42          0.58          0.49          72
            6          0.81          0.72          0.76          208
          NoC          There is not any data with no true-label assigned!

    micro avg          0.60          0.60          0.60          508
    macro avg          nan          0.34          0.35          508
 weighted avg          nan          0.60          0.58          508
Seed: 45
================================================================================

[[[292   0]
  [ 17   0]]

 [[289   3]
  [ 37   3]]

 [[283  19]
  [ 24   9]]

 [[195  31]
  [ 30  97]]

 [[292   1]
  [ 14   0]]

 [[252  52]
  [ 27  40]]

 [[149  38]
  [ 54 143]]

 [[292  59]
  [  0   0]]]

       class#     precision        recall      f1-score        weight

            0          nan          0.00          0.00          17
            1          0.50          0.07          0.13          40
            2          0.32          0.27          0.30          33
            3          0.76          0.76          0.76          127
            4          0.00          0.00          0.00          14
            5          0.43          0.60          0.50          67
            6          0.79          0.73          0.76          197
          NoC          There is not any data with no true-label assigned!

    micro avg          0.59          0.59          0.59          495
    macro avg          nan          0.35          0.35          495
 weighted avg          nan          0.59          0.59          495
Seed: 55
================================================================================

[[[260   0]
  [ 18   0]]

 [[257   6]
  [ 36   3]]

 [[252   8]
  [ 20   8]]

 [[168  28]
  [ 24  92]]

 [[259   4]
  [ 11   1]]

 [[217  64]
  [ 25  43]]

 [[147  23]
  [ 81 113]]

 [[260  82]
  [  0   0]]]

       class#     precision        recall      f1-score        weight

            0          nan          0.00          0.00          18
            1          0.33          0.08          0.12          39
            2          0.50          0.29          0.36          28
            3          0.77          0.79          0.78          116
            4          0.20          0.08          0.12          12
            5          0.40          0.63          0.49          68
            6          0.83          0.58          0.68          194
          NoC          There is not any data with no true-label assigned!

    micro avg          0.55          0.55          0.55          475
    macro avg          nan          0.35          0.37          475
 weighted avg          nan          0.55          0.58          475
