Seed: 5
================================================================================

[[[301  11]
  [  7  11]]

 [[309   2]
  [ 39   3]]

 [[299   9]
  [ 20  13]]

 [[220  16]
  [ 41  92]]

 [[308   1]
  [ 11   4]]

 [[256  88]
  [ 12  56]]

 [[179  31]
  [ 72 133]]

 [[312  44]
  [  0   0]]]

       class#     precision        recall      f1-score        weight

            0          0.50          0.61          0.55          18
            1          0.60          0.07          0.13          42
            2          0.59          0.39          0.47          33
            3          0.85          0.69          0.76          133
            4          0.80          0.27          0.40          15
            5          0.39          0.82          0.53          68
            6          0.81          0.65          0.72          205
          NoC          There is not any data with no true-label assigned!

    micro avg          0.61          0.61          0.61          514
    macro avg          0.65          0.50          0.51          514
 weighted avg          0.72          0.61          0.63          514
Seed: 25
================================================================================

[[[287  10]
  [  6  11]]

 [[295   3]
  [ 36   3]]

 [[287   5]
  [ 24  11]]

 [[203  17]
  [ 38  95]]

 [[295   1]
  [ 11   3]]

 [[244 103]
  [ 10  54]]

 [[177  23]
  [ 87 121]]

 [[298  50]
  [  0   0]]]

       class#     precision        recall      f1-score        weight

            0          0.52          0.65          0.58          17
            1          0.50          0.08          0.13          39
            2          0.69          0.31          0.43          35
            3          0.85          0.71          0.78          133
            4          0.75          0.21          0.33          14
            5          0.34          0.84          0.49          64
            6          0.84          0.58          0.69          208
          NoC          There is not any data with no true-label assigned!

    micro avg          0.58          0.58          0.58          510
    macro avg          0.64          0.48          0.49          510
 weighted avg          0.73          0.58          0.61          510
Seed: 35
================================================================================

[[[298   5]
  [ 10   7]]

 [[299   5]
  [ 36   6]]

 [[290   6]
  [ 21  15]]

 [[207  20]
  [ 33  98]]

 [[299   7]
  [ 10   6]]

 [[251 102]
  [ 14  54]]

 [[186  18]
  [ 90 119]]

 [[305  51]
  [  0   0]]]

       class#     precision        recall      f1-score        weight

            0          0.58          0.41          0.48          17
            1          0.55          0.14          0.23          42
            2          0.71          0.42          0.53          36
            3          0.83          0.75          0.79          131
            4          0.46          0.38          0.41          16
            5          0.35          0.79          0.48          68
            6          0.87          0.57          0.69          209
          NoC          There is not any data with no true-label assigned!

    micro avg          0.59          0.59          0.59          519
    macro avg          0.62          0.49          0.52          519
 weighted avg          0.73          0.59          0.62          519
Seed: 45
================================================================================

[[[307   6]
  [  9   7]]

 [[307   4]
  [ 31   7]]

 [[298   7]
  [ 21  16]]

 [[212  26]
  [ 34 102]]

 [[306  11]
  [  6   8]]

 [[261  82]
  [ 17  53]]

 [[193  19]
  [ 89 121]]

 [[314  52]
  [  0   0]]]

       class#     precision        recall      f1-score        weight

            0          0.54          0.44          0.48          16
            1          0.64          0.18          0.29          38
            2          0.70          0.43          0.53          37
            3          0.80          0.75          0.77          136
            4          0.42          0.57          0.48          14
            5          0.39          0.76          0.52          70
            6          0.86          0.58          0.69          210
          NoC          There is not any data with no true-label assigned!

    micro avg          0.60          0.60          0.60          521
    macro avg          0.62          0.53          0.54          521
 weighted avg          0.73          0.60          0.64          521
Seed: 55
================================================================================

[[[296   4]
  [  8   9]]

 [[301   5]
  [ 34   4]]

 [[293   3]
  [ 25  12]]

 [[206  26]
  [ 31  99]]

 [[301   2]
  [ 11   4]]

 [[250 102]
  [ 10  55]]

 [[183  22]
  [ 96 122]]

 [[305  51]
  [  0   0]]]

       class#     precision        recall      f1-score        weight

            0          0.69          0.53          0.60          17
            1          0.44          0.11          0.17          38
            2          0.80          0.32          0.46          37
            3          0.79          0.76          0.78          130
            4          0.67          0.27          0.38          15
            5          0.35          0.85          0.50          65
            6          0.85          0.56          0.67          218
          NoC          There is not any data with no true-label assigned!

    micro avg          0.59          0.59          0.59          520
    macro avg          0.66          0.48          0.51          520
 weighted avg          0.73          0.59          0.61          520
