Seed: 5
================================================================================

[[[280   0]
  [ 16   0]]

 [[278   7]
  [ 40   2]]

 [[267   6]
  [ 17  13]]

 [[189  21]
  [ 35  91]]

 [[280   1]
  [ 13   0]]

 [[233  81]
  [ 18  47]]

 [[153  32]
  [ 70 127]]

 [[280  61]
  [  0   0]]]

       class#     precision        recall      f1-score        weight

            0          nan          0.00          0.00          16
            1          0.22          0.05          0.08          42
            2          0.68          0.43          0.53          30
            3          0.81          0.72          0.76          126
            4          0.00          0.00          0.00          13
            5          0.37          0.72          0.49          65
            6          0.80          0.64          0.71          197
          NoC          There is not any data with no true-label assigned!

    micro avg          0.57          0.57          0.57          489
    macro avg          nan          0.37          0.37          489
 weighted avg          nan          0.57          0.59          489
Seed: 25
================================================================================

[[[288   0]
  [ 16   0]]

 [[285   3]
  [ 36   3]]

 [[280   4]
  [ 22   8]]

 [[194  30]
  [ 30  94]]

 [[288   0]
  [ 12   0]]

 [[240  72]
  [ 20  48]]

 [[153  32]
  [ 55 135]]

 [[288  50]
  [  0   0]]]

       class#     precision        recall      f1-score        weight

            0          nan          0.00          0.00          16
            1          0.50          0.08          0.13          39
            2          0.67          0.27          0.38          30
            3          0.76          0.76          0.76          124
            4          nan          0.00          0.00          12
            5          0.40          0.71          0.51          68
            6          0.81          0.71          0.76          190
          NoC          There is not any data with no true-label assigned!

    micro avg          0.60          0.60          0.60          479
    macro avg          nan          0.36          0.36          479
 weighted avg          nan          0.60          0.60          479
Seed: 35
================================================================================

[[[294   0]
  [ 17   0]]

 [[292   2]
  [ 39   2]]

 [[292   1]
  [ 31   2]]

 [[200  30]
  [ 33  94]]

 [[294   0]
  [ 14   0]]

 [[245  94]
  [ 19  49]]

 [[147  38]
  [ 52 147]]

 [[294  40]
  [  0   0]]]

       class#     precision        recall      f1-score        weight

            0          nan          0.00          0.00          17
            1          0.50          0.05          0.09          41
            2          0.67          0.06          0.11          33
            3          0.76          0.74          0.75          127
            4          nan          0.00          0.00          14
            5          0.34          0.72          0.46          68
            6          0.79          0.74          0.77          199
          NoC          There is not any data with no true-label assigned!

    micro avg          0.59          0.59          0.59          499
    macro avg          nan          0.33          0.31          499
 weighted avg          nan          0.59          0.57          499
Seed: 45
================================================================================

[[[277   0]
  [ 18   0]]

 [[274   7]
  [ 36   3]]

 [[269   7]
  [ 21   8]]

 [[183  20]
  [ 28  94]]

 [[277   0]
  [ 14   0]]

 [[227  78]
  [ 19  50]]

 [[155  31]
  [ 72 122]]

 [[277  65]
  [  0   0]]]

       class#     precision        recall      f1-score        weight

            0          nan          0.00          0.00          18
            1          0.30          0.08          0.12          39
            2          0.53          0.28          0.36          29
            3          0.82          0.77          0.80          122
            4          nan          0.00          0.00          14
            5          0.39          0.72          0.51          69
            6          0.80          0.63          0.70          194
          NoC          There is not any data with no true-label assigned!

    micro avg          0.57          0.57          0.57          485
    macro avg          nan          0.35          0.36          485
 weighted avg          nan          0.57          0.59          485
Seed: 55
================================================================================

[[[283   0]
  [ 18   0]]

 [[279   6]
  [ 36   4]]

 [[270  13]
  [ 18  13]]

 [[188  30]
  [ 34  95]]

 [[282   0]
  [ 12   1]]

 [[237  72]
  [ 22  46]]

 [[159  32]
  [ 74 124]]

 [[283  61]
  [  0   0]]]

       class#     precision        recall      f1-score        weight

            0          nan          0.00          0.00          18
            1          0.40          0.10          0.16          40
            2          0.50          0.42          0.46          31
            3          0.76          0.74          0.75          129
            4          1.00          0.08          0.14          13
            5          0.39          0.68          0.49          68
            6          0.79          0.63          0.70          198
          NoC          There is not any data with no true-label assigned!

    micro avg          0.57          0.57          0.57          497
    macro avg          nan          0.38          0.39          497
 weighted avg          nan          0.57          0.59          497
